Calculating using the tiny fruits dataset.


Mapping from matrix index to URL:
0 -> https://people.scs.carleton.ca/~davidmckenney/tinyfruits/N-0.html
1 -> https://people.scs.carleton.ca/~davidmckenney/tinyfruits/N-3.html
2 -> https://people.scs.carleton.ca/~davidmckenney/tinyfruits/N-4.html
3 -> https://people.scs.carleton.ca/~davidmckenney/tinyfruits/N-5.html
4 -> https://people.scs.carleton.ca/~davidmckenney/tinyfruits/N-6.html
5 -> https://people.scs.carleton.ca/~davidmckenney/tinyfruits/N-8.html
6 -> https://people.scs.carleton.ca/~davidmckenney/tinyfruits/N-1.html
7 -> https://people.scs.carleton.ca/~davidmckenney/tinyfruits/N-2.html
8 -> https://people.scs.carleton.ca/~davidmckenney/tinyfruits/N-7.html
9 -> https://people.scs.carleton.ca/~davidmckenney/tinyfruits/N-9.html


Adjacency Matrix (note: the rows/columns use the mapping above  and your ordering may be different, but page adjacency should be identical)
[
  [0, 1, 1, 1, 1, 1, 1, 1, 1, 0]
  [1, 0, 1, 0, 0, 0, 0, 0, 0, 0]
  [1, 1, 0, 0, 0, 0, 0, 0, 1, 0]
  [1, 0, 0, 0, 0, 0, 0, 0, 0, 0]
  [1, 0, 0, 0, 0, 0, 0, 0, 0, 0]
  [1, 0, 0, 0, 0, 0, 0, 0, 1, 1]
  [1, 0, 0, 0, 0, 0, 0, 0, 0, 0]
  [1, 0, 0, 0, 0, 0, 0, 0, 0, 0]
  [1, 0, 1, 0, 0, 1, 0, 0, 0, 0]
  [0, 0, 0, 0, 0, 1, 0, 0, 0, 0]
]


Initial transition probability matrix (dividing rows by # of 1s):
[
  [0, 0.125, 0.125, 0.125, 0.125, 0.125, 0.125, 0.125, 0.125, 0]
  [0.5, 0, 0.5, 0, 0, 0, 0, 0, 0, 0]
  [0.3333333333333333, 0.3333333333333333, 0, 0, 0, 0, 0, 0, 0.3333333333333333, 0]
  [1.0, 0, 0, 0, 0, 0, 0, 0, 0, 0]
  [1.0, 0, 0, 0, 0, 0, 0, 0, 0, 0]
  [0.3333333333333333, 0, 0, 0, 0, 0, 0, 0, 0.3333333333333333, 0.3333333333333333]
  [1.0, 0, 0, 0, 0, 0, 0, 0, 0, 0]
  [1.0, 0, 0, 0, 0, 0, 0, 0, 0, 0]
  [0.3333333333333333, 0, 0.3333333333333333, 0, 0, 0.3333333333333333, 0, 0, 0, 0]
  [0, 0, 0, 0, 0, 1.0, 0, 0, 0, 0]
]


Scaled Adjacency Matrix (1-alpha * adjacency)
[
  [0.0, 0.1125, 0.1125, 0.1125, 0.1125, 0.1125, 0.1125, 0.1125, 0.1125, 0.0]
  [0.45, 0.0, 0.45, 0.0, 0.0, 0.0, 0.0, 0.0, 0.0, 0.0]
  [0.3, 0.3, 0.0, 0.0, 0.0, 0.0, 0.0, 0.0, 0.3, 0.0]
  [0.9, 0.0, 0.0, 0.0, 0.0, 0.0, 0.0, 0.0, 0.0, 0.0]
  [0.9, 0.0, 0.0, 0.0, 0.0, 0.0, 0.0, 0.0, 0.0, 0.0]
  [0.3, 0.0, 0.0, 0.0, 0.0, 0.0, 0.0, 0.0, 0.3, 0.3]
  [0.9, 0.0, 0.0, 0.0, 0.0, 0.0, 0.0, 0.0, 0.0, 0.0]
  [0.9, 0.0, 0.0, 0.0, 0.0, 0.0, 0.0, 0.0, 0.0, 0.0]
  [0.3, 0.0, 0.3, 0.0, 0.0, 0.3, 0.0, 0.0, 0.0, 0.0]
  [0.0, 0.0, 0.0, 0.0, 0.0, 0.9, 0.0, 0.0, 0.0, 0.0]
]


Adjacency Matrix after adding alpha/N to each entry
[
  [0.01, 0.1225, 0.1225, 0.1225, 0.1225, 0.1225, 0.1225, 0.1225, 0.1225, 0.01]
  [0.46, 0.01, 0.46, 0.01, 0.01, 0.01, 0.01, 0.01, 0.01, 0.01]
  [0.31, 0.31, 0.01, 0.01, 0.01, 0.01, 0.01, 0.01, 0.31, 0.01]
  [0.91, 0.01, 0.01, 0.01, 0.01, 0.01, 0.01, 0.01, 0.01, 0.01]
  [0.91, 0.01, 0.01, 0.01, 0.01, 0.01, 0.01, 0.01, 0.01, 0.01]
  [0.31, 0.01, 0.01, 0.01, 0.01, 0.01, 0.01, 0.01, 0.31, 0.31]
  [0.91, 0.01, 0.01, 0.01, 0.01, 0.01, 0.01, 0.01, 0.01, 0.01]
  [0.91, 0.01, 0.01, 0.01, 0.01, 0.01, 0.01, 0.01, 0.01, 0.01]
  [0.31, 0.01, 0.31, 0.01, 0.01, 0.31, 0.01, 0.01, 0.01, 0.01]
  [0.01, 0.01, 0.01, 0.01, 0.01, 0.91, 0.01, 0.01, 0.01, 0.01]
]


t0: [[0.1, 0.1, 0.1, 0.1, 0.1, 0.1, 0.1, 0.1, 0.1, 0.1]]


t1: [[0.5050000000000001, 0.051250000000000004, 0.09625000000000002, 0.02125000000000001, 0.02125000000000001, 0.14125000000000001, 0.02125000000000001, 0.02125000000000001, 0.08125, 0.04]]
Distance between t0/t1: 0.4437059837324714


t2: [[0.20518750000000005, 0.09568750000000002, 0.11425000000000003, 0.06681250000000002, 0.06681250000000002, 0.12718750000000004, 0.06681250000000002, 0.06681250000000002, 0.13806250000000003, 0.052375]]
Distance between t1/t2: 0.3225965698438222


t3: [[0.4074343750000002, 0.06735859375000003, 0.11756171875000006, 0.03308359375000001, 0.03308359375000001, 0.12163984375000002, 0.03308359375000001, 0.03308359375000001, 0.10551484375000003, 0.04815625000000001]]
Distance between t2/t3: 0.2176597656751244


t4: [[0.26282722656250007, 0.09110488281250002, 0.11780218750000004, 0.05583636718750003, 0.05583636718750003, 0.13083144531250007, 0.05583636718750003, 0.05583636718750003, 0.1275968359375, 0.04649195312500001]]
Distance between t3/t4: 0.15530871207829341


t5: [[0.3648772597656251, 0.0749087192382813, 0.1188443110351563, 0.039568062988281257, 0.039568062988281257, 0.11968987158203127, 0.039568062988281257, 0.039568062988281257, 0.11415815283203132, 0.049249433593750024]]
Distance between t4/t5: 0.10976601690028562


t6: [[0.29196165104980476, 0.08670198503417968, 0.11900506123046876, 0.05104869172363284, 0.05104869172363284, 0.12962062780761724, 0.05104869172363284, 0.05104869172363284, 0.12260894650878908, 0.04590696147460939]]
Distance between t5/t6: 0.07851254836418768


t7: [[0.3441615741345216, 0.07854720411224367, 0.11864426296112063, 0.04284568574310303, 0.04284568574310303, 0.1209446350228882, 0.04284568574310303, 0.04284568574310303, 0.11743339245452884, 0.04888618834228517]]
Distance between t6/t7: 0.05631655910201759


t8: [[0.30669739765724185, 0.0843114559784699, 0.11929443667700201, 0.04871817709013367, 0.04871817709013367, 0.127945764334549, 0.04871817709013367, 0.04871817709013367, 0.12059484648533636, 0.04628339050686645]]
Distance between t7/t8: 0.04050856233985896


t9: [[0.3336761069638589, 0.08029178823954028, 0.11862206637235205, 0.04450345723643971, 0.04450345723643971, 0.12233696263822044, 0.04450345723643971, 0.04450345723643971, 0.11867551753990498, 0.0483837293003647]]
Distance between t8/t9: 0.02924157867329298


t10: [[0.31423411472411933, 0.08312518194513976, 0.11927252200319878, 0.04753856203343412, 0.04753856203343412, 0.12668657366573385, 0.04753856203343412, 0.04753856203343412, 0.1198262707366059, 0.04670108879146613]]
Distance between t9/t10: 0.021127336492711264


t11: [[0.3282807651173373, 0.08113309450742305, 0.1187055510027581, 0.04535133790646344, 0.04535133790646344, 0.12333019903976472, 0.04535133790646344, 0.04535133790646344, 0.1191390666071432, 0.04800597209972016]]
Distance between t10/t11: 0.015302753800022731


t12: [[0.3181271539865086, 0.08254325137652786, 0.11918319858618376, 0.046931586075700464, 0.046931586075700464, 0.12587868094759155, 0.046931586075700464, 0.046931586075700464, 0.11954231108845728, 0.04699905971192943]]
Distance between t11/t12: 0.01108929593860446


t13: [[0.32547943017862896, 0.08154426439933735, 0.11879646126945695, 0.04578930482348223, 0.04578930482348223, 0.1239511518907559, 0.04578930482348223, 0.04578930482348223, 0.11930786868361482, 0.04776360428427747]]
Distance between t12/t13: 0.008048452750925686


t14: [[0.32015306089738615, 0.08225537427593282, 0.119103715479882, 0.04661643589509575, 0.04661643589509575, 0.12539604035602991, 0.04661643589509575, 0.04661643589509575, 0.1194407198431596, 0.04718534556722677]]
Distance between t13/t14: 0.005843510128049416


t15: [[0.32401623035023586, 0.08174833399492056, 0.1188643537280736, 0.04601721935095595, 0.04601721935095595, 0.12431624631440792, 0.04601721935095595, 0.04601721935095595, 0.11936714610172953, 0.04761881210680898]]
Distance between t14/t15: 0.004246641672192274


t16: [[0.32121306380441905, 0.08211113203282365, 0.11904872004263467, 0.04645182591440153, 0.04645182591440153, 0.12511890064104847, 0.04645182591440153, 0.04645182591440153, 0.11940600592714602, 0.047294873894322374]]
Distance between t15/t16: 0.003087002999255556


t17: [[0.3232486706898649, 0.08185108569078751, 0.11890828087091158, 0.04613646967799715, 0.04613646967799715, 0.1245236579610311, 0.04613646967799715, 0.04613646967799715, 0.11938675588310205, 0.04753567019231454]]
Distance between t16/t17: 0.0022453302977131057


t18: [[0.32176988781615756, 0.08203795971388328, 0.11901449077839482, 0.0463654754526098, 0.0463654754526098, 0.12496360539062351, 0.0463654754526098, 0.0463654754526098, 0.11939505710219261, 0.04735709738830934]]
Distance between t17/t18: 0.0016334891212135866


t19: [[0.3228447394820061, 0.08190345961283618, 0.11893471138122301, 0.04619911237931771, 0.04619911237931771, 0.12463901715945389, 0.04619911237931771, 0.04619911237931771, 0.11939254123002324, 0.04748908161718705]]
Distance between t18/t19: 0.0011888025520211246


t20: [[0.32206324232253003, 0.08200044660609261, 0.11899435238650895, 0.0463200331917257, 0.0463200331917257, 0.12487796901620102, 0.0463200331917257, 0.0463200331917257, 0.11939215175392877, 0.04739170514783617]]
Distance between t19/t20: 0.0008653144090173248


t21: [[0.3226316624099459, 0.08193042047723732, 0.11894996126020493, 0.046232114761284616, 0.046232114761284616, 0.1247022949205158, 0.046232114761284616, 0.046232114761284616, 0.11939381118209762, 0.04746339070486031]]
Distance between t20/t21: 0.0006299977689819883


t22: [[0.32221812256422694, 0.08198105039918037, 0.11898289459050498, 0.04629606202111892, 0.04629606202111892, 0.12483125701012249, 0.04629606202111892, 0.04629606202111892, 0.11939173887533511, 0.04741068847615475]]
Distance between t21/t22: 0.00045873003533746236


t23: [[0.3225190630984481, 0.08194440716562702, 0.11895853313070723, 0.04624953878847553, 0.04624953878847553, 0.12473668007961533, 0.04624953878847553, 0.04624953878847553, 0.11939378426866376, 0.04744937710303675]]
Distance between t22/t23: 0.0003340731153451748


t24: [[0.32230002210673997, 0.08197095453778759, 0.11897651310370672, 0.0462833945985754, 0.0462833945985754, 0.1248059692719076, 0.0462833945985754, 0.0462833945985754, 0.11939195856167219, 0.04742100402388459]]
Distance between t23/t24: 0.0002433130061286263


t25: [[0.3224594823780618, 0.08195170641812027, 0.11896326959751433, 0.04625875248700824, 0.04625875248700824, 0.12475524367700604, 0.04625875248700824, 0.04625875248700824, 0.11939349719969256, 0.04744179078157228]]
Distance between t24/t25: 0.00017722848537193481


t26: [[0.32234337998364765, 0.08196567264678623, 0.11897300881559383, 0.04627669176753197, 0.04627669176753197, 0.1247923526308548, 0.04627669176753197, 0.04627669176753197, 0.11939224574988803, 0.047426573103101825]]
Distance between t25/t26: 0.00012910136855929686


t27: [[0.32242792521306995, 0.0819555328928385, 0.11896585666418055, 0.04626363024816037, 0.04626363024816037, 0.12476521976591842, 0.04626363024816037, 0.04626363024816037, 0.11939323868209492, 0.047437705789256435]]
Distance between t26/t27: 9.404994325489132e-05


Threshold of 0.0001 is reached, stopping iteration


Final Page Rank Vector:
[[0.32242792521306995, 0.0819555328928385, 0.11896585666418055, 0.04626363024816037, 0.04626363024816037, 0.12476521976591842, 0.04626363024816037, 0.04626363024816037, 0.11939323868209492, 0.047437705789256435]]
